     1.57076      -1.5394 -5.02173e-06 -3.51521e-05  -3.9839e-05  2.27652e-05  2.84565e-05
   1.53166   -1.53379 -0.0572998  0.0194322  0.0564034 -0.0180156 -0.0345376
   1.49256   -1.52817  -0.114598  0.0389006    0.11285  -0.036055 -0.0691057
   1.45346   -1.52255  -0.171896  0.0583692   0.169297 -0.0540944  -0.103674
   1.41436   -1.51693  -0.229194  0.0778377   0.225743 -0.0721339  -0.138242
   1.37526   -1.51132  -0.286493  0.0973062    0.28219 -0.0901733   -0.17281
  1.33617   -1.5057 -0.343791  0.116775  0.338637 -0.108213 -0.207378
  1.29707  -1.50008 -0.401089  0.136243  0.395084 -0.126252 -0.241947
  1.25797  -1.49447 -0.458387  0.155712   0.45153 -0.144292 -0.276515
  1.21887  -1.48885 -0.515686   0.17518  0.507977 -0.162331 -0.311083
  1.17977  -1.48323 -0.572984  0.194649  0.564424 -0.180371 -0.345651
  1.14067  -1.47762 -0.630282  0.214117   0.62087  -0.19841 -0.380219
  1.10157    -1.472  -0.68758  0.233586  0.677317 -0.216449 -0.414788
  1.06247  -1.46638 -0.744878  0.253054  0.733764 -0.234489 -0.449356
  1.02337  -1.46077 -0.802177  0.272523  0.790211 -0.252528 -0.483924
  0.98427  -1.45515 -0.859475  0.291991  0.846657 -0.270568 -0.518492
  0.94517  -1.44953 -0.916773   0.31146  0.903104 -0.288607  -0.55306
 0.906071  -1.44392 -0.974071  0.330929  0.959551 -0.306647 -0.587629
 0.866971   -1.4383  -1.03137  0.350397     1.016 -0.324686 -0.622197
 0.827872  -1.43268  -1.08867  0.369866   1.07244 -0.342726 -0.656765
 0.788772  -1.42706  -1.14597  0.389334   1.12889 -0.360765 -0.691333
 0.749673  -1.42145  -1.20326  0.408803   1.18534 -0.378805 -0.725901
 0.710573  -1.41583  -1.26056  0.428271   1.24178 -0.396844  -0.76047
 0.671474  -1.41021  -1.31786   0.44774   1.29823 -0.414883 -0.795038
 0.632374   -1.4046  -1.37516  0.467208   1.35468 -0.432923 -0.829606
 0.593275  -1.39898  -1.43246  0.486677   1.41112 -0.450962 -0.864174
 0.554175  -1.39336  -1.48976  0.506145   1.46757 -0.469002 -0.898742
 0.515076  -1.38775  -1.54705  0.525614   1.52402 -0.487041 -0.933311
 0.475976  -1.38213  -1.60435  0.545082   1.58046 -0.505081 -0.967879
0.436877 -1.37651 -1.66165 0.564551  1.63691 -0.52312 -1.00245
0.397777  -1.3709 -1.71895 0.584019  1.69336 -0.54116 -1.03702
 0.358678  -1.36528  -1.77625  0.603488    1.7498 -0.559199  -1.07158
 0.319578  -1.35966  -1.83355  0.622956   1.80625 -0.577239  -1.10615
 0.280479  -1.35405  -1.89084  0.642425    1.8627 -0.595278  -1.14072
 0.241379  -1.34843  -1.94814  0.661893   1.91914 -0.613317  -1.17529
  0.20228  -1.34281  -2.00544  0.681362   1.97559 -0.631357  -1.20986
  0.16318  -1.33719  -2.06274  0.700831   2.03204 -0.649396  -1.24442
 0.124081  -1.33158  -2.12004  0.720299   2.08848 -0.667436  -1.27899
0.0849812  -1.32596  -2.17733  0.739768   2.14493 -0.685475  -1.31356
0.0458817  -1.32034  -2.23463  0.759236   2.20138 -0.703515  -1.34813
0.00678219  -1.31473  -2.29193  0.778705   2.25783 -0.721554   -1.3827
-0.0323173  -1.30911  -2.34923  0.798173   2.31427 -0.739594  -1.41727
-0.0714168  -1.30349  -2.40653  0.817642   2.37072 -0.757633  -1.45183
-0.110516  -1.29788  -2.46383   0.83711   2.42717 -0.775673   -1.4864
-0.149616  -1.29226  -2.52112  0.856579   2.48361 -0.793712  -1.52097
-0.188715  -1.28664  -2.57842  0.876047   2.54006 -0.811751  -1.55554
-0.227815  -1.28103  -2.63572  0.895516   2.59651 -0.829791  -1.59011
-0.266914 -1.27541 -2.69302 0.914984  2.65295 -0.84783 -1.62467
-0.306014 -1.26979 -2.75032 0.934453   2.7094 -0.86587 -1.65924
-0.345113  -1.26418  -2.80762  0.953921   2.76585 -0.883909  -1.69381
-0.384214  -1.25856  -2.86492   0.97339   2.82229 -0.901949  -1.72838
-0.423316 -1.25294 -2.92222  0.99286  2.87874 -0.91999 -1.76295
