     1.57076     -1.53934 -5.02173e-06 -2.00869e-05 -3.41477e-05  2.27652e-05  2.84565e-05
   1.51947   -1.52933 -0.0427849  0.0176813   0.048015 -0.0386578 -0.0344305
   1.46819   -1.51934 -0.0855618  0.0353839  0.0960761 -0.0773443 -0.0688835
  1.41692  -1.50936 -0.128339 0.0530865  0.144137 -0.116031 -0.103337
  1.36564  -1.49937 -0.171115 0.0707891  0.192198 -0.154717 -0.137789
  1.31436  -1.48939 -0.213892 0.0884917  0.240259 -0.193404 -0.172242
  1.26309  -1.47941 -0.256669  0.106194   0.28832  -0.23209 -0.206695
  1.21181  -1.46942 -0.299446  0.123897  0.336381 -0.270776 -0.241148
  1.16053  -1.45944 -0.342223    0.1416  0.384442 -0.309463 -0.275601
  1.10926  -1.44945    -0.385  0.159302  0.432503 -0.348149 -0.310054
  1.05798  -1.43947 -0.427776  0.177005  0.480564 -0.386836 -0.344507
   1.0067  -1.42948 -0.470553  0.194707  0.528625 -0.425522  -0.37896
 0.955427   -1.4195  -0.51333   0.21241  0.576686 -0.464209 -0.413413
  0.90415  -1.40952 -0.556107  0.230113  0.624747 -0.502895 -0.447866
 0.852873  -1.39953 -0.598884  0.247815  0.672809 -0.541582 -0.482319
 0.801597  -1.38955 -0.641661  0.265518   0.72087 -0.580268 -0.516772
  0.75032  -1.37956 -0.684437   0.28322  0.768931 -0.618955 -0.551225
 0.699044  -1.36958 -0.727214  0.300923  0.816992 -0.657641 -0.585678
 0.647767   -1.3596 -0.769991  0.318626  0.865053 -0.696327 -0.620131
  0.59649  -1.34961 -0.812768  0.336328  0.913114 -0.735014 -0.654584
 0.545214  -1.33963 -0.855545  0.354031  0.961175   -0.7737 -0.689037
 0.493937  -1.32964 -0.898322  0.371733   1.00924 -0.812387  -0.72349
  0.44266  -1.31966 -0.941098  0.389436    1.0573 -0.851073 -0.757943
 0.391384  -1.30967 -0.983875  0.407139   1.10536  -0.88976 -0.792396
 0.340107  -1.29969  -1.02665  0.424841   1.15342 -0.928446 -0.826849
  0.28883  -1.28971  -1.06943  0.442544   1.20148 -0.967133 -0.861302
 0.237554  -1.27972  -1.11221  0.460246   1.24954  -1.00582 -0.895755
 0.186277  -1.26974  -1.15498  0.477949    1.2976  -1.04451 -0.930208
    0.135  -1.25975  -1.19776  0.495652   1.34566  -1.08319 -0.964661
0.0837238  -1.24977  -1.24054  0.513354   1.39372  -1.12188 -0.999114
0.0324471 -1.23979 -1.28331 0.531057  1.44179 -1.16057 -1.03357
-0.0188295  -1.2298 -1.32609 0.548759  1.48985 -1.19925 -1.06802
-0.0701061 -1.21982 -1.36887 0.566462  1.53791 -1.23794 -1.10247
-0.121383 -1.20983 -1.41164 0.584165  1.58597 -1.27662 -1.13693
-0.172659 -1.19985 -1.45442 0.601867  1.63403 -1.31531 -1.17138
-0.223936 -1.18987  -1.4972  0.61957  1.68209   -1.354 -1.20583
-0.275213 -1.17988 -1.53997 0.637272  1.73015 -1.39268 -1.24028
-0.326489  -1.1699 -1.58275 0.654975  1.77821 -1.43137 -1.27474
-0.377766 -1.15991 -1.62553 0.672678  1.82627 -1.47006 -1.30919
-0.429043 -1.14993  -1.6683  0.69038  1.87434 -1.50874 -1.34364
-0.480319 -1.13995 -1.71108 0.708083   1.9224 -1.54743  -1.3781
-0.531596 -1.12996 -1.75386 0.725785  1.97046 -1.58612 -1.41255
-0.582872 -1.11998 -1.79663 0.743488  2.01852  -1.6248   -1.447
-0.634149 -1.10999 -1.83941 0.761191  2.06658 -1.66349 -1.48145
-0.685425 -1.10001 -1.88219 0.778893  2.11464 -1.70218 -1.51591
