Point [1]:    1.54595   -1.56795 -0.0698576  0.0396069   0.020201 -0.0337385 -0.0307958 dj: 0.0978207
Point [2]:    1.52111    -1.5651  -0.139715  0.0792138  0.0404021 -0.0674771 -0.0615915 dj: 0.0978207
Point [3]:    1.49626   -1.56225  -0.209573   0.118821  0.0606031  -0.101216 -0.0923873 dj: 0.0978207
Point [4]:   1.47142   -1.5594  -0.27943  0.158428 0.0808041 -0.134954 -0.123183 dj: 0.0978207
Point [5]:   1.44657  -1.55656 -0.349288  0.198035  0.101005 -0.168693 -0.153979 dj: 0.0978207
Point [6]:   1.42173  -1.55371 -0.419146  0.237641  0.121206 -0.202431 -0.184775 dj: 0.0978207
Point [7]:   1.39689  -1.55086 -0.489003  0.277248  0.141407  -0.23617  -0.21557 dj: 0.0978207
Point [8]:   1.37204  -1.54801 -0.558861  0.316855  0.161608 -0.269908 -0.246366 dj: 0.0978207
Point [9]:    1.3472  -1.54516 -0.628719  0.356462  0.181809 -0.303647 -0.277162 dj: 0.0978207
Point [10]:   1.32235  -1.54231 -0.698576  0.396069   0.20201 -0.337385 -0.307958 dj: 0.0978207
Point [11]:   1.29751  -1.53947 -0.768434  0.435676  0.222211 -0.371124 -0.338753 dj: 0.0978207
Point [12]:   1.27266  -1.53662 -0.838291  0.475283  0.242412 -0.404863 -0.369549 dj: 0.0978207
Point [13]:   1.24782  -1.53377 -0.908149   0.51489  0.262613 -0.438601 -0.400345 dj: 0.0978207
Point [14]:   1.22298  -1.53092 -0.978007  0.554497  0.282814  -0.47234 -0.431141 dj: 0.0978207
Point [15]:   1.19813  -1.52807  -1.04786  0.594104  0.303015 -0.506078 -0.461937 dj: 0.0978207
Point [16]:   1.17329  -1.52523  -1.11772   0.63371  0.323216 -0.539817 -0.492732 dj: 0.0978207
Point [17]:   1.14844  -1.52238  -1.18758  0.673317  0.343417 -0.573555 -0.523528 dj: 0.0978207
Point [18]:    1.1236  -1.51953  -1.25744  0.712924  0.363618 -0.607294 -0.554324 dj: 0.0978207
Point [19]:   1.09875  -1.51668  -1.32729  0.752531   0.38382 -0.641032  -0.58512 dj: 0.0978207
Point [20]:   1.07391  -1.51383  -1.39715  0.792138  0.404021 -0.674771 -0.615915 dj: 0.0978207
Point [21]:   1.04907  -1.51098  -1.46701  0.831745  0.424222  -0.70851 -0.646711 dj: 0.0978207
Point [22]:   1.02422  -1.50814  -1.53687  0.871352  0.444423 -0.742248 -0.677507 dj: 0.0978207
Point [23]:  0.999377  -1.50529  -1.60673  0.910959  0.464624 -0.775987 -0.708303 dj: 0.0978207
Point [24]:  0.974533  -1.50244  -1.67658  0.950566  0.484825 -0.809725 -0.739098 dj: 0.0978207
Point [25]:  0.949689  -1.49959  -1.74644  0.990173  0.505026 -0.843464 -0.769894 dj: 0.0978207
Point [26]:  0.924844  -1.49674   -1.8163   1.02978  0.525227 -0.877202  -0.80069 dj: 0.0978207
Point [27]:       0.9  -1.49389  -1.88616   1.06939  0.545428 -0.910941 -0.831486 dj: 0.0978207
Point [28]:  0.875156  -1.49105  -1.95601   1.10899  0.565629 -0.944679 -0.862281 dj: 0.0978207
Point [29]:  0.850311   -1.4882  -2.02587    1.1486   0.58583 -0.978418 -0.893077 dj: 0.0978207
Point [30]:  0.825467  -1.48535  -2.09573   1.18821  0.606031  -1.01216 -0.923873 dj: 0.0978207
Point [31]:  0.800623   -1.4825  -2.16559   1.22781  0.626232   -1.0459 -0.954669 dj: 0.0978207
Point [32]:  0.775778  -1.47965  -2.23544   1.26742  0.646433  -1.07963 -0.985465 dj: 0.0978207
Point [33]: 0.750934 -1.47681  -2.3053  1.30703 0.666634 -1.11337 -1.01626 dj: 0.0978207
Point [34]:  0.72609 -1.47396 -2.37516  1.34663 0.686835 -1.14711 -1.04706 dj: 0.0978207
Point [35]: 0.701245 -1.47111 -2.44502  1.38624 0.707036 -1.18085 -1.07785 dj: 0.0978207
Point [36]: 0.676401 -1.46826 -2.51487  1.42585 0.727237 -1.21459 -1.10865 dj: 0.0978207
Point [37]: 0.651557 -1.46541 -2.58473  1.46546 0.747438 -1.24833 -1.13944 dj: 0.0978207
Point [38]: 0.626712 -1.46256 -2.65459  1.50506 0.767639 -1.28206 -1.17024 dj: 0.0978207
Point [39]: 0.601868 -1.45972 -2.72445  1.54467  0.78784  -1.3158 -1.20103 dj: 0.0978207
Point [40]: 0.577024 -1.45687  -2.7943  1.58428 0.808041 -1.34954 -1.23183 dj: 0.0978207
Point [41]:  0.55218 -1.45402 -2.86416  1.62388 0.828242 -1.38328 -1.26263 dj: 0.0978207
Point [42]: 0.527335 -1.45117 -2.93402  1.66349 0.848443 -1.41702 -1.29342 dj: 0.0978207
Point [43]: 0.502491 -1.44832 -3.00388   1.7031 0.868644 -1.45076 -1.32422 dj: 0.0978207
Point [44]:  0.45375 -1.45847 -3.02921  1.73464 0.856755 -1.46509  -1.3331 dj: 0.0673851
Point [45]:  0.42018 -1.48373 -3.05476  1.78196 0.848454 -1.50945 -1.36842 dj: 0.0891185
Point [46]: 0.386611 -1.50898 -3.08031  1.82929 0.840154 -1.55382 -1.40375 dj: 0.0891185
Point [47]: 0.344329  -1.5181 -3.10996  1.82405 0.810054 -1.56015 -1.45532 dj: 0.0798978
Point [48]: 0.302048 -1.52721 -3.13961  1.81882 0.779953 -1.56649 -1.50689 dj: 0.0798978
